Hero
100
10
100
59
15
5
Szkielet
10
20
50
5
6
42,5
43,5
44,5
45,5
46,5
47,5
48,5
49,5
50,5
51,5
52,5
52,6
52,7
52,8
51,8
50,8
49,8
48,8
47,8
46,8
45,8
44,8
43,8
42,8
42,7
42,6
42,5
END
Szkielet
0
20
-1
-1
6
-1,-1
END
Szkielet
10
20
23
17
6
15,17
16,17
17,17
18,17
19,17
20,17
21,17
22,17
23,17
24,17
25,17
25,18
25,19
25,20
24,20
23,20
22,20
21,20
20,20
19,20
18,20
17,20
16,20
15,20
END
Szkielet
10
20
58
21
6
50,21
51,21
52,21
53,21
54,21
55,21
56,21
57,21
58,21
59,21
60,21
60,22
60,23
60,24
59,24
58,24
57,24
56,24
55,24
54,24
53,24
52,24
51,24
50,24
END
Szkielet
10
20
75
11
6
70,8
70,9
70,10
70,11
71,11
72,11
73,11
74,11
75,11
76,11
77,11
78,11
79,11
80,11
80,10
80,9
80,8
END
1
12
15
10
1
-1
-1
100
